1 4
1 56
1 85
2 46
2 51
2 93
3 62
3 70
3 99
4 1
4 26
4 85
5 19
5 37
5 55
6 56
6 84
6 85
7 35
7 38
7 72
8 69
8 90
8 100
9 27
9 51
9 93
10 44
10 64
10 67
11 16
11 64
11 77
12 34
12 39
12 73
13 21
13 66
13 84
14 24
14 97
14 99
15 36
15 51
15 93
16 11
16 44
16 64
17 66
17 84
17 85
18 48
18 53
18 74
19 5
19 55
19 74
20 80
20 88
20 100
21 13
21 66
21 85
22 75
22 78
22 95
23 80
23 90
23 100
24 14
24 97
24 99
25 96
25 97
25 99
26 4
26 78
26 95
27 9
27 39
27 73
28 46
28 79
28 83
29 84
29 90
29 100
30 76
30 77
30 95
31 50
31 90
31 100
32 70
32 97
32 99
33 61
33 65
33 96
34 12
34 45
34 60
35 7
35 67
35 72
35 92
36 15
36 59
36 73
36 93
37 5
37 49
37 71
37 74
38 7
38 45
38 60
38 67
39 12
39 27
39 58
39 93
40 83
40 87
40 94
40 98
41 57
41 81
41 91
41 98
42 50
42 80
42 90
42 100
43 81
43 87
43 94
43 98
44 10
44 16
44 47
44 67
45 34
45 38
45 60
45 80
46 2
46 28
46 95
46 96
47 44
47 68
47 82
47 89
48 18
48 49
48 71
48 74
49 37
49 48
49 53
49 76
50 31
50 42
50 80
50 100
51 2
51 9
51 15
51 93
52 62
52 70
52 97
52 99
53 18
53 49
53 55
53 71
54 69
54 75
54 76
54 78
55 5
55 19
55 53
55 71
56 1
56 6
56 66
56 84
56 94
57 41
57 87
57 89
57 94
57 97
58 39
58 63
58 82
58 89
58 92
59 36
59 81
59 91
59 94
59 98
60 34
60 38
60 45
60 64
60 67
61 33
61 65
61 86
61 88
61 96
62 3
62 52
62 72
62 97
62 99
63 58
63 68
63 85
63 89
63 92
64 10
64 11
64 16
64 60
64 79
65 33
65 61
65 86
65 88
65 96
66 13
66 17
66 21
66 56
66 84
67 10
67 35
67 38
67 44
67 60
68 47
68 63
68 82
68 89
68 92
69 8
69 54
69 75
69 76
69 95
70 3
70 32
70 52
70 97
70 99
71 37
71 48
71 53
71 55
71 74
72 7
72 35
72 62
72 82
72 92
73 12
73 27
73 36
73 90
73 93
74 18
74 19
74 37
74 48
74 71
75 22
75 54
75 69
75 77
75 95
76 30
76 49
76 54
76 69
76 77
76 95
77 11
77 30
77 75
77 76
77 78
77 95
78 22
78 26
78 54
78 77
78 87
78 95
79 28
79 64
79 83
79 86
79 88
79 96
80 20
80 23
80 42
80 45
80 50
80 100
81 41
81 43
81 59
81 91
81 94
81 98
82 47
82 58
82 68
82 72
82 89
82 92
83 28
83 40
83 79
83 86
83 88
83 96
84 6
84 13
84 17
84 29
84 56
84 66
85 1
85 4
85 6
85 17
85 21
85 63
86 61
86 65
86 79
86 83
86 88
86 96
86 100
87 40
87 43
87 57
87 78
87 91
87 94
87 98
88 20
88 61
88 65
88 79
88 83
88 86
88 96
89 47
89 57
89 58
89 63
89 68
89 82
89 92
90 8
90 23
90 29
90 31
90 42
90 73
90 100
91 41
91 59
91 81
91 87
91 92
91 94
91 98
92 35
92 58
92 63
92 68
92 72
92 82
92 89
92 91
93 2
93 9
93 15
93 36
93 39
93 51
93 73
93 98
94 40
94 43
94 56
94 57
94 59
94 81
94 87
94 91
94 98
95 22
95 26
95 30
95 46
95 69
95 75
95 76
95 77
95 78
96 25
96 33
96 46
96 61
96 65
96 79
96 83
96 86
96 88
97 14
97 24
97 25
97 32
97 52
97 57
97 62
97 70
97 99
98 40
98 41
98 43
98 59
98 81
98 87
98 91
98 93
98 94
99 3
99 14
99 24
99 25
99 32
99 52
99 62
99 70
99 97
100 8
100 20
100 23
100 29
100 31
100 42
100 50
100 80
100 86
100 90
