2 1 1 "#FF0099FF"
3 1 1 "#FF0099FF"
4 1 1 "#FF0099FF"
4 2 1 "#FF0099FF"
5 1 1 "#FF0099FF"
5 3 1 "#FF0099FF"
6 1 1 "#FF0099FF"
6 2 1 "#FF0099FF"
6 3 1 "#FF0099FF"
6 4 1 "#FF0099FF"
6 5 1 "#FF0099FF"
7 1 1 "#FF0099FF"
7 2 1 "#FF0099FF"
7 5 1 "#FF0099FF"
7 6 1 "#FF0099FF"
8 3 1 "#FF0099FF"
8 6 1 "#FF0099FF"
8 7 1 "#FF0099FF"
9 4 1 "#FF0099FF"
10 4 1 "#FF0099FF"
10 9 1 "#FF0099FF"
11 4 1 "#FF0099FF"
11 7 1 "#FF0099FF"
11 9 1 "#FF0099FF"
12 4 1 "#FF0099FF"
12 9 1 "#FF0099FF"
12 10 1 "#FF0099FF"
12 11 1 "#FF0099FF"
13 4 1 "#FF0099FF"
13 7 1 "#FF0099FF"
13 9 1 "#FF0099FF"
13 10 1 "#FF0099FF"
13 11 1 "#FF0099FF"
13 12 1 "#FF0099FF"
14 4 1 "#FF0099FF"
14 9 1 "#FF0099FF"
14 12 1 "#FF0099FF"
14 13 1 "#FF0099FF"
15 4 1 "#FF0099FF"
15 9 1 "#FF0099FF"
15 10 1 "#FF0099FF"
15 12 1 "#FF0099FF"
15 13 1 "#FF0099FF"
15 8 1 "#FF0099FF"
16 4 1 "#FF0099FF"
16 11 1 "#FF0099FF"
16 13 1 "#FF0099FF"
17 4 1 "#FF0099FF"
17 11 1 "#FF0099FF"
17 16 1 "#FF0099FF"
18 4 1 "#FF0099FF"
18 12 1 "#FF0099FF"
18 13 1 "#FF0099FF"
18 14 1 "#FF0099FF"
19 4 1 "#FF0099FF"
19 7 1 "#FF0099FF"
19 13 1 "#FF0099FF"
20 4 1 "#FF0099FF"
20 11 1 "#FF0099FF"
21 4 1 "#FF0099FF"
21 9 1 "#FF0099FF"
21 10 1 "#FF0099FF"
21 12 1 "#FF0099FF"
22 4 1 "#FF0099FF"
22 9 1 "#FF0099FF"
22 11 1 "#FF0099FF"
22 12 1 "#FF0099FF"
23 4 1 "#FF0099FF"
23 7 1 "#FF0099FF"
23 9 1 "#FF0099FF"
23 12 1 "#FF0099FF"
24 4 1 "#FF0099FF"
24 9 1 "#FF0099FF"
24 13 1 "#FF0099FF"
24 22 1 "#FF0099FF"
25 4 1 "#FF0099FF"
25 9 1 "#FF0099FF"
25 10 1 "#FF0099FF"
25 13 1 "#FF0099FF"
25 21 1 "#FF0099FF"
26 4 1 "#FF0099FF"
26 7 1 "#FF0099FF"
26 15 1 "#FF0099FF"
26 23 1 "#FF0099FF"
27 4 1 "#FF0099FF"
27 9 1 "#FF0099FF"
27 12 1 "#FF0099FF"
27 15 1 "#FF0099FF"
27 25 1 "#FF0099FF"
28 4 1 "#FF0099FF"
28 9 1 "#FF0099FF"
28 10 1 "#FF0099FF"
28 12 1 "#FF0099FF"
28 24 1 "#FF0099FF"
29 5 11 " #000000FF"
30 5 1 "#FF0099FF"
30 7 1 "#FF0099FF"
30 12 1 "#FF0099FF"
30 14 1 "#FF0099FF"
31 5 11 " #000000FF"
31 8 11 " #000000FF"
32 5 11 " #000000FF"
32 31 2 "#CC00FFFF"
33 9 1 "#FF0099FF"
33 13 1 "#FF0099FF"
33 14 1 "#FF0099FF"
33 24 1 "#FF0099FF"
34 33 1 "#FF0099FF"
34 9 1 "#FF0099FF"
34 11 1 "#FF0099FF"
34 13 1 "#FF0099FF"
34 24 1 "#FF0099FF"
36 35 1 "#FF0099FF"
36 9 1 "#FF0099FF"
36 11 1 "#FF0099FF"
37 35 1 "#FF0099FF"
37 36 1 "#FF0099FF"
37 13 1 "#FF0099FF"
38 35 1 "#FF0099FF"
38 9 1 "#FF0099FF"
38 11 1 "#FF0099FF"
38 36 1 "#FF0099FF"
38 34 1 "#FF0099FF"
39 35 1 "#FF0099FF"
39 11 1 "#FF0099FF"
39 36 1 "#FF0099FF"
39 13 1 "#FF0099FF"
39 38 1 "#FF0099FF"
39 34 1 "#FF0099FF"
40 35 1 "#FF0099FF"
40 11 1 "#FF0099FF"
40 36 1 "#FF0099FF"
40 13 1 "#FF0099FF"
40 39 1 "#FF0099FF"
40 34 1 "#FF0099FF"
41 9 1 "#FF0099FF"
41 36 1 "#FF0099FF"
41 13 1 "#FF0099FF"
41 14 1 "#FF0099FF"
41 21 1 "#FF0099FF"
41 23 1 "#FF0099FF"
41 40 1 "#FF0099FF"
41 25 1 "#FF0099FF"
41 26 1 "#FF0099FF"
41 27 1 "#FF0099FF"
41 28 1 "#FF0099FF"
42 9 1 "#FF0099FF"
42 10 1 "#FF0099FF"
42 41 1 "#FF0099FF"
42 13 1 "#FF0099FF"
42 37 1 "#FF0099FF"
42 28 1 "#FF0099FF"
43 9 1 "#FF0099FF"
43 41 1 "#FF0099FF"
43 14 1 "#FF0099FF"
43 40 1 "#FF0099FF"
44 9 1 "#FF0099FF"
44 36 1 "#FF0099FF"
44 14 1 "#FF0099FF"
44 43 1 "#FF0099FF"
45 9 1 "#FF0099FF"
45 41 1 "#FF0099FF"
45 36 1 "#FF0099FF"
45 13 1 "#FF0099FF"
45 14 1 "#FF0099FF"
46 9 1 "#FF0099FF"
46 10 1 "#FF0099FF"
46 41 1 "#FF0099FF"
46 12 1 "#FF0099FF"
46 27 1 "#FF0099FF"
47 9 1 "#FF0099FF"
47 13 1 "#FF0099FF"
48 10 1 "#FF0099FF"
48 41 1 "#FF0099FF"
48 42 1 "#FF0099FF"
48 12 1 "#FF0099FF"
48 13 1 "#FF0099FF"
48 14 1 "#FF0099FF"
48 43 1 "#FF0099FF"
48 37 1 "#FF0099FF"
48 38 1 "#FF0099FF"
48 18 1 "#FF0099FF"
48 34 1 "#FF0099FF"
48 46 1 "#FF0099FF"
48 47 1 "#FF0099FF"
48 24 1 "#FF0099FF"
48 25 1 "#FF0099FF"
48 27 1 "#FF0099FF"
48 28 1 "#FF0099FF"
49 10 1 "#FF0099FF"
49 21 1 "#FF0099FF"
50 10 1 "#FF0099FF"
50 21 1 "#FF0099FF"
50 32 11 " #000000FF"
50 49 1 "#FF0099FF"
51 10 1 "#FF0099FF"
51 12 1 "#FF0099FF"
52 10 11 " #000000FF"
53 10 11 " #000000FF"
53 23 11 " #000000FF"
53 52 3 "#3300FFFF"
54 41 1 "#FF0099FF"
54 21 1 "#FF0099FF"
54 25 1 "#FF0099FF"
54 27 1 "#FF0099FF"
55 41 1 "#FF0099FF"
55 42 1 "#FF0099FF"
55 13 1 "#FF0099FF"
55 48 1 "#FF0099FF"
55 24 1 "#FF0099FF"
55 28 1 "#FF0099FF"
56 11 1 "#FF0099FF"
56 13 1 "#FF0099FF"
56 16 1 "#FF0099FF"
56 20 1 "#FF0099FF"
57 12 1 "#FF0099FF"
57 20 1 "#FF0099FF"
57 44 1 "#FF0099FF"
58 14 1 "#FF0099FF"
58 57 1 "#FF0099FF"
58 21 1 "#FF0099FF"
58 49 1 "#FF0099FF"
58 50 1 "#FF0099FF"
59 15 11 " #000000FF"
59 8 11 " #000000FF"
59 31 11 " #000000FF"
59 50 11 " #000000FF"
59 51 11 " #000000FF"
59 52 3 "#3300FFFF"
59 53 3 "#3300FFFF"
61 60 2 "#CC00FFFF"
62 60 2 "#CC00FFFF"
63 60 2 "#CC00FFFF"
63 61 2 "#CC00FFFF"
64 60 2 "#CC00FFFF"
64 61 2 "#CC00FFFF"
64 63 2 "#CC00FFFF"
65 59 3 "#3300FFFF"
65 52 3 "#3300FFFF"
65 53 3 "#3300FFFF"
66 65 3 "#3300FFFF"
66 59 3 "#3300FFFF"
66 52 3 "#3300FFFF"
67 65 11 " #000000FF"
67 29 2 "#CC00FFFF"
67 31 2 "#CC00FFFF"
68 65 11 " #000000FF"
68 66 11 " #000000FF"
68 67 2 "#CC00FFFF"
68 31 2 "#CC00FFFF"
69 65 3 "#3300FFFF"
69 59 3 "#3300FFFF"
69 66 3 "#3300FFFF"
70 65 3 "#3300FFFF"
70 59 3 "#3300FFFF"
70 66 3 "#3300FFFF"
70 52 3 "#3300FFFF"
71 65 11 " #000000FF"
71 67 2 "#CC00FFFF"
71 31 2 "#CC00FFFF"
72 8 11 " #000000FF"
72 69 11 " #000000FF"
72 71 2 "#CC00FFFF"
73 72 2 "#CC00FFFF"
73 29 2 "#CC00FFFF"
73 67 2 "#CC00FFFF"
73 50 11 " #000000FF"
73 71 2 "#CC00FFFF"
74 72 2 "#CC00FFFF"
74 73 2 "#CC00FFFF"
74 67 2 "#CC00FFFF"
74 31 2 "#CC00FFFF"
74 32 2 "#CC00FFFF"
75 72 2 "#CC00FFFF"
75 73 2 "#CC00FFFF"
75 74 2 "#CC00FFFF"
75 67 2 "#CC00FFFF"
75 31 2 "#CC00FFFF"
75 32 2 "#CC00FFFF"
76 72 2 "#CC00FFFF"
76 73 2 "#CC00FFFF"
76 74 2 "#CC00FFFF"
76 75 2 "#CC00FFFF"
76 31 2 "#CC00FFFF"
76 32 2 "#CC00FFFF"
76 71 2 "#CC00FFFF"
77 72 2 "#CC00FFFF"
77 73 2 "#CC00FFFF"
77 76 2 "#CC00FFFF"
77 67 2 "#CC00FFFF"
77 31 2 "#CC00FFFF"
77 32 2 "#CC00FFFF"
77 50 11 " #000000FF"
77 54 11 " #000000FF"
78 72 2 "#CC00FFFF"
78 76 2 "#CC00FFFF"
78 59 11 " #000000FF"
78 31 2 "#CC00FFFF"
78 20 11 " #000000FF"
78 32 2 "#CC00FFFF"
78 77 2 "#CC00FFFF"
79 72 2 "#CC00FFFF"
79 73 2 "#CC00FFFF"
79 75 2 "#CC00FFFF"
79 76 2 "#CC00FFFF"
79 32 2 "#CC00FFFF"
80 72 2 "#CC00FFFF"
80 73 2 "#CC00FFFF"
80 75 2 "#CC00FFFF"
80 76 2 "#CC00FFFF"
80 31 2 "#CC00FFFF"
81 72 2 "#CC00FFFF"
81 73 2 "#CC00FFFF"
81 67 2 "#CC00FFFF"
81 31 2 "#CC00FFFF"
82 72 2 "#CC00FFFF"
83 72 2 "#CC00FFFF"
83 73 2 "#CC00FFFF"
83 74 2 "#CC00FFFF"
83 75 2 "#CC00FFFF"
83 76 2 "#CC00FFFF"
83 31 2 "#CC00FFFF"
83 32 2 "#CC00FFFF"
83 77 2 "#CC00FFFF"
84 72 2 "#CC00FFFF"
84 74 2 "#CC00FFFF"
84 76 2 "#CC00FFFF"
84 31 2 "#CC00FFFF"
84 77 2 "#CC00FFFF"
85 73 2 "#CC00FFFF"
85 75 2 "#CC00FFFF"
85 76 2 "#CC00FFFF"
85 67 2 "#CC00FFFF"
85 74 2 "#CC00FFFF"
85 61 2 "#CC00FFFF"
85 31 2 "#CC00FFFF"
85 63 2 "#CC00FFFF"
85 77 2 "#CC00FFFF"
85 80 2 "#CC00FFFF"
85 82 2 "#CC00FFFF"
85 83 2 "#CC00FFFF"
85 84 2 "#CC00FFFF"
86 73 2 "#CC00FFFF"
86 8 11 " #000000FF"
86 59 11 " #000000FF"
86 66 11 " #000000FF"
86 67 2 "#CC00FFFF"
87 73 2 "#CC00FFFF"
87 74 2 "#CC00FFFF"
87 67 2 "#CC00FFFF"
87 85 2 "#CC00FFFF"
87 61 2 "#CC00FFFF"
87 31 2 "#CC00FFFF"
87 62 2 "#CC00FFFF"
87 77 2 "#CC00FFFF"
87 82 2 "#CC00FFFF"
88 73 2 "#CC00FFFF"
88 75 2 "#CC00FFFF"
88 85 2 "#CC00FFFF"
88 84 2 "#CC00FFFF"
89 73 2 "#CC00FFFF"
89 75 2 "#CC00FFFF"
89 67 2 "#CC00FFFF"
89 85 2 "#CC00FFFF"
90 73 2 "#CC00FFFF"
90 74 2 "#CC00FFFF"
90 67 2 "#CC00FFFF"
90 85 2 "#CC00FFFF"
90 87 2 "#CC00FFFF"
90 89 2 "#CC00FFFF"
91 73 2 "#CC00FFFF"
91 67 2 "#CC00FFFF"
91 71 2 "#CC00FFFF"
92 73 2 "#CC00FFFF"
92 75 2 "#CC00FFFF"
92 76 2 "#CC00FFFF"
92 32 2 "#CC00FFFF"
92 91 2 "#CC00FFFF"
92 80 2 "#CC00FFFF"
93 73 2 "#CC00FFFF"
93 74 2 "#CC00FFFF"
93 76 2 "#CC00FFFF"
94 74 2 "#CC00FFFF"
94 67 2 "#CC00FFFF"
94 87 2 "#CC00FFFF"
94 31 2 "#CC00FFFF"
95 74 2 "#CC00FFFF"
95 85 2 "#CC00FFFF"
95 94 2 "#CC00FFFF"
96 74 2 "#CC00FFFF"
96 95 2 "#CC00FFFF"
96 62 2 "#CC00FFFF"
97 74 2 "#CC00FFFF"
97 67 2 "#CC00FFFF"
97 85 2 "#CC00FFFF"
97 95 2 "#CC00FFFF"
98 74 2 "#CC00FFFF"
98 67 2 "#CC00FFFF"
98 85 2 "#CC00FFFF"
98 87 2 "#CC00FFFF"
98 97 2 "#CC00FFFF"
98 82 2 "#CC00FFFF"
99 74 2 "#CC00FFFF"
99 75 2 "#CC00FFFF"
99 88 2 "#CC00FFFF"
99 92 2 "#CC00FFFF"
100 74 2 "#CC00FFFF"
100 75 2 "#CC00FFFF"
100 67 2 "#CC00FFFF"
100 85 2 "#CC00FFFF"
100 94 2 "#CC00FFFF"
100 61 2 "#CC00FFFF"
100 60 2 "#CC00FFFF"
100 31 2 "#CC00FFFF"
100 63 2 "#CC00FFFF"
100 64 2 "#CC00FFFF"
100 91 2 "#CC00FFFF"
101 74 2 "#CC00FFFF"
101 67 2 "#CC00FFFF"
101 85 2 "#CC00FFFF"
101 87 2 "#CC00FFFF"
101 97 2 "#CC00FFFF"
101 99 2 "#CC00FFFF"
101 100 2 "#CC00FFFF"
101 63 2 "#CC00FFFF"
101 80 2 "#CC00FFFF"
101 92 2 "#CC00FFFF"
101 84 2 "#CC00FFFF"
102 85 2 "#CC00FFFF"
102 87 2 "#CC00FFFF"
102 95 2 "#CC00FFFF"
102 101 2 "#CC00FFFF"
102 62 2 "#CC00FFFF"
103 94 2 "#CC00FFFF"
103 95 2 "#CC00FFFF"
103 96 2 "#CC00FFFF"
103 47 11 " #000000FF"
104 68 2 "#CC00FFFF"
105 68 2 "#CC00FFFF"
105 70 11 " #000000FF"
105 104 2 "#CC00FFFF"
